25.8 - २०२४
25.8 परीक्षेचे नांव :
25.8 महाराष्ट्र गट- क सेवा, संयुक्‍त (पूर्व) परीक्षा
41.9 (जाहिरात क्रमांक - ०४९/२०२४)
41.9 परीक्षेचा दिनांक : ०१ जून, २०२५
58.0 : सामान्य क्षमता चाचणी
58.0 विषय
74.4 महाराष्ट्र लोकसेवा आयोगामार्फत दिनांक ०१ जून, २०२५ रोजी आयोजित "महाराष्ट्र गट- क सेवा, संयुक्‍त पूर्वे परीक्षा-२०२४ " या परीक्षेची प्रथम
90.5 उमेदवारांच्या माहितीसाठी आयोगाच्या संकेतस्थळावर प्रसिध्द करण्यात आली होती. त्यासंदर्भात उमेदवारांनी अधिप्रमाणित (Authentic)
90.5 का
105.4 प्पष्टीकरण देऊन ऑनलाईन पध्दतीने सादर केलेल्या हरकती, तसेच तज्ञांचे अभिप्राय विचारात घेऊन, आयोगाने उत्तरतालिका अंतिम केली आहे. या
120.5 केतील उत्तरे अंतिम समजण्यात येतील. यासंदर्भात आलेली निवेदने विचारात घेतली जाणार नाहीत ब त्याबाबत कोणताही पत्रव्यवहार केला
134.4 णार नाही, याची कृपया नोंद घ्यावी.
151.9 उत्तरतालिका - KEY
165.8 उत्तरे
165.8 उत्तरे
165.8 प्रश्‍न
165.8 प्रश्‍न
181.1 |
181.1 |
181.1 | AAC | FAD
181.1 | AAC | FAD
181.1 » | संच
181.1 क्रमांक | संच
181.1 क्रमांक | संच
181.1 ५» | HIB
200.3 1
200.3 2
200.3 3
200.3 3
200.3 3
200.3 3
200.3 4
200.3 4
200.3 4
200.3 |
200.3 | 26 |
201.9 1
201.9 26
202.1 1
202.1 2
202.1 3
202.1 3
202.1 3
202.1 3
202.1 4
202.1 4
221.9 1
221.9 2
221.9 2
221.9 2
221.9 27
221.9 3
221.9 3
221.9 3
221.9 4
221.9 | 3
223.5 2
223.5 27
223.7 1
223.7 2
223.7 2
223.7 3
223.7 3
223.7 3
223.7 3
223.7 4
243.5 1
243.5 1
243.5 1
243.5 2
243.5 2
243.5 3
243.5 3
243.5 3
243.5 4
243.5 | 28 |
245.1 28
245.1 3
245.3 1
245.3 1
245.3 1
245.3 2
245.3 2
245.3 3
245.3 3
245.3 4
265.1 1
265.1 1
265.1 1
265.1 1
265.1 2
265.1 3
265.1 4
265.1 4
265.1 4
265.1 |
265.1 | 29 |
266.7 29
266.7 4
266.9 1
266.9 1
266.9 1
266.9 1
266.9 2
266.9 3
266.9 4
266.9 4
286.7 1
286.7 1
286.7 1
286.7 2
286.7 2
286.7 3
286.7 3
286.7 3
286.7 30
286.7 5
286.7 |
288.3 30
288.3 5
288.5 1
288.5 1
288.5 1
288.5 2
288.5 2
288.5 3
288.5 3
288.5 3
308.3 1
308.3 1
308.3 2
308.3 2
308.3 2
308.3 3
308.3 3
308.3 3
308.3 31
308.3 6
308.3 |
309.9 31
309.9 6
310.1 1
310.1 1
310.1 2
310.1 2
310.1 2
310.1 3
310.1 3
310.1 3
329.9 1
329.9 1
329.9 2
329.9 2
329.9 3
329.9 3
329.9 3
329.9 32
329.9 4
329.9 7
331.5 32
331.5 7
331.7 1
331.7 1
331.7 2
331.7 2
331.7 3
331.7 3
331.7 3
331.7 4
351.5 1
351.5 1
351.5 2
351.5 2
351.5 3
351.5 3
351.5 3
351.5 33
351.5 8
351.5 | 3
353.1 33
353.1 8
353.3 1
353.3 1
353.3 2
353.3 2
353.3 3
353.3 3
353.3 3
353.3 3
373.1 1
373.1 1
373.1 1
373.1 1
373.1 3
373.1 3
373.1 34
373.1 4
373.1 9
373.1 | 3
374.7 34
374.7 9
374.9 1
374.9 1
374.9 1
374.9 1
374.9 3
374.9 3
374.9 3
374.9 4
394.7 1
394.7 1
394.7 1
394.7 1
394.7 10
394.7 2
394.7 3
394.7 35
394.7 4
394.7 4
396.3 10
396.3 35
396.5 1
396.5 1
396.5 1
396.5 1
396.5 2
396.5 3
396.5 4
396.5 4
416.3 1
416.3 2
416.3 3
416.3 3
416.3 3
416.3 3
416.3 36
416.3 4
416.3 4
416.3 4
417.9 11
417.9 36
418.1 2
418.1 3
418.1 3
418.1 3
418.1 3
418.1 4
418.1 4
418.1 4
437.9 12
437.9 2
437.9 2
437.9 2
437.9 3
437.9 3
437.9 37
437.9 4
437.9 4
437.9 4
439.5 12
439.5 37
439.7 2
439.7 2
439.7 2
439.7 3
439.7 3
439.7 4
439.7 4
439.7 4
459.5 1
459.5 13
459.5 2
459.5 2
459.5 2
459.5 2
459.5 3
459.5 3
459.5 38
459.5 4
461.1 13
461.1 38
461.3 1
461.3 2
461.3 2
461.3 2
461.3 2
461.3 3
461.3 3
461.3 4
481.1 1
481.1 1
481.1 1
481.1 14
481.1 3
481.1 3
481.1 3
481.1 3
481.1 39
481.1 4
482.7 14
482.7 39
482.9 1
482.9 1
482.9 1
482.9 3
482.9 3
482.9 3
482.9 3
482.9 4
502.7 1
502.7 15
502.7 2
502.7 2
502.7 2
502.7 2
502.7 2
502.7 2
502.7 4
502.7 | 40 |
504.3 15
504.3 40
504.5 1
504.5 2
504.5 2
504.5 2
504.5 2
504.5 2
504.5 2
504.5 4
524.3 1
524.3 1
524.3 16
524.3 2
524.3 2
524.3 3
524.3 3
524.3 3
524.3 3
524.3 at |
525.9 16
525.9 41
526.1 1
526.1 1
526.1 2
526.1 2
526.1 3
526.1 3
526.1 3
526.1 3
545.9 1
545.9 1
545.9 17
545.9 2
545.9 2
545.9 2
545.9 3
545.9 4
545.9 4
545.9 42 |
547.5 17
547.5 42
547.7 1
547.7 1
547.7 2
547.7 2
547.7 2
547.7 3
547.7 4
547.7 4
567.5 18
567.5 2
567.5 2
567.5 3
567.5 3
567.5 3
567.5 4
567.5 4
567.5 4
567.5 43
569.1 18
569.1 43
569.3 2
569.3 2
569.3 3
569.3 3
569.3 3
569.3 4
569.3 4
569.3 4
589.1 1
589.1 19
589.1 2
589.1 3
589.1 3
589.1 3
589.1 4
589.1 4
589.1 4
589.1 44 |
590.7 19
590.7 44
590.9 1
590.9 2
590.9 3
590.9 3
590.9 3
590.9 4
590.9 4
590.9 4
610.7 1
610.7 1
610.7 2
610.7 2
610.7 2
610.7 20 |
610.7 3
610.7 4
610.7 4
610.7 45 |
612.3 20
612.3 45
612.5 1
612.5 1
612.5 2
612.5 2
612.5 2
612.5 3
612.5 4
612.5 4
632.3 1
632.3 1
632.3 1
632.3 21 |
632.3 3
632.3 4
632.3 4
632.3 4
632.3 4
632.3 46 |
633.9 21
633.9 46
634.1 1
634.1 1
634.1 1
634.1 3
634.1 4
634.1 4
634.1 4
634.1 4
653.9 1
653.9 1
653.9 1
653.9 2
653.9 22 |
653.9 3
653.9 3
653.9 4
653.9 4
653.9 47
655.5 22
655.5 47
655.7 1
655.7 1
655.7 1
655.7 2
655.7 3
655.7 3
655.7 4
655.7 4
675.5 1
675.5 1
675.5 2
675.5 2
675.5 2
675.5 2
675.5 23 |
675.5 3
675.5 3
675.5 48 |
677.1 23
677.1 48
677.3 1
677.3 1
677.3 2
677.3 2
677.3 2
677.3 2
677.3 3
677.3 3
697.1 2
697.1 2
697.1 2
697.1 24 |
697.1 3
697.1 3
697.1 4
697.1 4
697.1 4
697.1 49 |
698.7 24
698.7 49
698.9 2
698.9 2
698.9 2
698.9 3
698.9 3
698.9 4
698.9 4
698.9 4
718.0 1
718.0 1
718.0 2
718.0 2
718.0 2
718.0 3
718.0 4
718.0 4
718.0 50 |
718.0 | 25 |
719.6 25
719.6 50
719.7 1
719.7 1
719.7 2
719.7 2
719.7 2
719.7 3
719.7 4
719.7 4
735.4 Date:- 3rd July, 2025
738.5 Date:- 3 July, 2025
749.9 -1-
750.0 -|-
764.6 ने दर्शविलेले प्रश्‍न रद्द करण्यात आलेले आहेत.
764.9 # ने दश«िवलेले ĢÌन रǈ कर½यात आलेले आहेत.
