  
 
 
 
 
 
 
 
 
1
4
3
3
3
26
2
3
2
1
2
4
2
3
3
27
3
3
3
3
3
3
4
3
3
28
3
1
3
4
4
3
4
3
4
29
2
1
4
3
5
3
3
3
4
30
3
3
3
3
6
3
4
2
4
31
3
3
1
4
7
3
3
3
3
32
4
2
1
2
8
2
3
4
3
33
3
3
3
3
9
3
3
4
3
34
1
4
4
3
10
4
3
4
2
35
1
2
3
4
11
4
1
3
2
36
1
1
3
1
12
3
2
1
2
37
1
4
4
3
13
3
4
2
4
38
3
3
1
1
14
1
3
2
3
39
3
1
1
2
15
2
4
1
4
40
4
1
3
3
16
2
3
2
3
41
1
3
1
3
17
1
2
4
3
42
1
2
1
1
18
2
2
3
1
43
3
3
4
1
19
4
3
4
1
44
1
3
3
3
20
3
1
3
2
45
1
1
2
3
21
3
3
3
3
46
4
3
3
4
22
4
3
4
3
47
3
1
3
1
23
3
4
2
2
48
2
3
1
1
24
3
3
3
3
49
3
4
1
4
25
4
4
3
1
50
3
1
3
3
                                               Date:- 4th March, 2025
   -1-             
                      
परीक्षेचे नांव : 
महाराष्ट्र गट-ब (अराजपत्रित) सेवा, संयुक्‍त (पूर्व) परीक्षा - २०२४ 
परीक्षेचा दिनांक : ०२ फेब्रुवारी, २०२५ 
(जाहिरात क्रमांक - ०४८/२०२४) 
विषय 
: सामान्य क्षमता चाचणी 
महाराष्ट्र लोकसेवा आयोगामार्फत दिनांक ०२ फेब्रुवारी, २०२५ रोजी आयोजित "महाराष्ट्र गट-ब (अराजपत्रित) सेवा, संयुक्‍त पूव परीक्षा-२०२४" 
या 
परीक्षेची प्रथम उत्तरतालिका उमेदवारांच्या माहितीसाठी आयोगाच्या संकेतस्थळावर प्रसिध्द करण्यात आली होती. त्यासंदर्भात उमेदवारांनी 
अधिप्रमाणित (Authentic) ARO देऊन ऑनलाईन पध्दतीने सादर केलेल्या हरकती, तसेच तज्ञांचे अभिप्राय विचारात घेऊन, आयोगाने 
का 
अंतिम केली आहे. या उत्तरतालिकेतील उत्तरे अंतिम समजण्यात येतील. यासंदर्भात आलेली निवेदने विचारात घेतली जाणार नाहीत व 
याबाबत कोणताही पत्रव्यवहार केला जाणार नाही, याची कृपया नोंद घ्यावी. 
उत्तरतालिका - KEY 
प्रश्‍न 
उत्तरे 
प्रश्‍न 
उत्तरे 
क्रमाक | TATA | संच | 
B | Wac | संच]) | 
D 
क्रमाक | GAA | संच] | 
B | सच(€- | संच]) | 
D 
4 
| 
4 
3 
3 
3 
| 26 | 
2 
3 
2 
1 
2 
| 4 
2 
3 
3 
27 
3 
3 
3 
3 
3 
3 
4 
3 
3 
| 28 | 
3 
1 
3 
4 
4 
| 
3 
4 
3 
4 
| 29 | 
2 
1 
4 
3 
5 
| 
3 
3 
3 
4 
30 
3 
3 
3 
3 
6 
| 
3 
4 
2 
4 
31 
3 
3 
1 
4 
7 
3 
3 
3 
3 
32 
4 
2 
1 
2 
8 
| 
2 
3 
4 
3 
33 
3 
3 
3 
3 
9 
| 3 
3 
4 
3 
34 
1 
4 
4 
3 
10 
4 
3 
4 
2 
35 
1 
2 
3 
4 
11 
4 
1 
3 
2 
36 
1 
1 
3 
1 
12 
3 
2 
1 
2 
37 
1 
4 
4 
3 
13 
3 
4 
2 
4 
38 
3 
3 
1 
1 
14 
1 
3 
2 
3 
39 
3 
1 
1 
2 
15 
2 
4 
1 
4 
| 40 | 
4 
1 
3 
3 
16 
2 
3 
2 
3 
at | 
1 
3 
1 
3 
17 
1 
2 
4 
3 
42 
| 
1 
2 
1 
1 
18 
2 
2 
3 
1 
43 
3 
3 
4 
1 
19 
4 
3 
4 
1 
44 | 
1 
3 
3 
3 
20 | 
3 
1 
3 
2 
45 | 
1 
1 
2 
3 
21 | 
3 
3 
3 
3 
46 | 
4 
3 
3 
4 
22 | 
4 
3 
4 
3 
47 
3 
1 
3 
1 
23 | 
3 
4 
2 
2 
48 | 
2 
3 
1 
1 
24 | 
3 
3 
3 
3 
49 | 
3 
4 
1 
4 
| 25 | 
4 
4 
3 
1 
50 | 
3 
1 
3 
3 
Date:- 4" March, 2025
